;PC Software:StarLab Version 3.30 Build 10
! ******* Warning: Do not modify this file. Changes may prevent   ********
! ******* the StarLab Log reader from opening the file correctly. ********
;Logged:19/03/2021 at 15:01:08
;File Version:5
;Time Resolution:1 microseconds
;Log Settings:Stop after:period: 00:05:00
;Graph Mode:Split
;Notes:                                                            

;Channel A:Vega Thermopile 3A (s/n:940606)  VG2.52 (s/n:946462)
;Channel B:Vega Thermopile 3A (s/n:947746)  VG2.52 (s/n:946463)

;Channel A:Details
;Name:3A
;Graph Type:Line
;Graph Color:RGB(14,104,168)
;Units:W
;Settings:Measuring:Power
;Settings:Wavelength:532
;Settings:Range:AUTO

;Channel B:Details
;Name:3A
;Graph Type:Line
;Graph Color:RGB(245,86,16)
;Units:W
;Settings:Measuring:Power
;Settings:Wavelength:532
;Settings:Range:AUTO

;Channel A:Statistics
;Min:76.70mW             
;Max:77.10mW             
;Average:76.92mW             
;Std.Dev.:73.90uW             
;Overrange:0                   

;Channel B:Statistics
;Min:9.770mW             
;Max:10.00mW             
;Average:9.940mW             
;Std.Dev.:55.98uW             
;Overrange:0                   
;--------------------


;First Pulse Arrived : 19/03/2021 at 15:01:08.869000
  Timestamp   	  Channel A  	  Channel B  	
         0.000	  7.690e-002 	  9.990e-003 	
         0.064	  7.690e-002 	  9.990e-003 	
         0.128	  7.690e-002 	  9.990e-003 	
         0.192	  7.690e-002 	  9.990e-003 	
         0.256	  7.690e-002 	  9.990e-003 	
         0.320	  7.690e-002 	  9.990e-003 	
         0.384	  7.690e-002 	  9.990e-003 	
         0.448	             	  9.990e-003 	
         0.480	  7.690e-002 	             	
         0.544	  7.690e-002 	  9.990e-003 	
         0.608	  7.690e-002 	  9.990e-003 	
         0.672	  7.690e-002 	  9.990e-003 	
         0.736	  7.690e-002 	  9.990e-003 	
         0.800	  7.690e-002 	  9.990e-003 	
         0.864	  7.690e-002 	  9.990e-003 	
         0.928	  7.690e-002 	  9.990e-003 	
         0.992	  7.690e-002 	  9.990e-003 	
         1.056	  7.690e-002 	  9.990e-003 	
         1.120	  7.690e-002 	  9.990e-003 	
         1.184	  7.690e-002 	  9.990e-003 	
         1.248	             	  9.990e-003 	
         1.280	  7.690e-002 	             	
         1.344	  7.690e-002 	  9.990e-003 	
         1.408	  7.690e-002 	  9.990e-003 	
         1.472	  7.690e-002 	  9.990e-003 	
         1.536	  7.690e-002 	  9.990e-003 	
         1.600	  7.690e-002 	  9.990e-003 	
         1.664	  7.690e-002 	  9.990e-003 	
         1.728	  7.690e-002 	  9.990e-003 	
         1.792	  7.690e-002 	  9.990e-003 	
         1.856	  7.690e-002 	  9.990e-003 	
         1.920	  7.690e-002 	  9.990e-003 	
         1.984	  7.690e-002 	  9.990e-003 	
         2.048	             	  9.990e-003 	
         2.080	  7.690e-002 	             	
         2.144	  7.690e-002 	  9.980e-003 	
         2.208	  7.680e-002 	  9.980e-003 	
         2.272	  7.680e-002 	  9.980e-003 	
         2.336	  7.680e-002 	  9.980e-003 	
         2.400	  7.680e-002 	  9.980e-003 	
         2.464	  7.680e-002 	  9.980e-003 	
         2.528	  7.680e-002 	  9.980e-003 	
         2.592	  7.680e-002 	  9.980e-003 	
         2.656	  7.680e-002 	  9.980e-003 	
         2.720	  7.680e-002 	  9.980e-003 	
         2.784	  7.690e-002 	  9.980e-003 	
         2.848	             	  9.980e-003 	
         2.880	  7.690e-002 	             	
         2.945	  7.690e-002 	  9.980e-003 	
         3.008	  7.690e-002 	  9.980e-003 	
         3.072	  7.690e-002 	  9.980e-003 	
         3.136	  7.680e-002 	  9.980e-003 	
         3.200	  7.680e-002 	  9.980e-003 	
         3.264	  7.680e-002 	  9.980e-003 	
         3.328	  7.680e-002 	  9.980e-003 	
         3.392	  7.680e-002 	  9.980e-003 	
         3.456	  7.680e-002 	  9.970e-003 	
         3.520	  7.680e-002 	  9.970e-003 	
         3.584	  7.680e-002 	  9.970e-003 	
         3.648	             	  9.970e-003 	
         3.680	  7.680e-002 	             	
         3.712	             	  9.970e-003 	
         3.745	  7.680e-002 	             	
         3.808	  7.680e-002 	  9.970e-003 	
         3.872	  7.680e-002 	  9.970e-003 	
         3.936	  7.680e-002 	  9.970e-003 	
         4.001	  7.690e-002 	  9.980e-003 	
         4.064	  7.690e-002 	  9.980e-003 	
         4.128	  7.690e-002 	  9.980e-003 	
         4.192	  7.690e-002 	  9.980e-003 	
         4.256	  7.690e-002 	  9.980e-003 	
         4.320	  7.690e-002 	  9.980e-003 	
         4.385	  7.690e-002 	  9.990e-003 	
         4.448	             	  9.990e-003 	
         4.480	  7.690e-002 	             	
         4.513	             	  9.990e-003 	
         4.544	  7.690e-002 	             	
         4.609	  7.690e-002 	  9.990e-003 	
         4.672	  7.690e-002 	  9.990e-003 	
         4.736	  7.700e-002 	  9.990e-003 	
         4.800	  7.700e-002 	  9.990e-003 	
         4.864	  7.690e-002 	  9.990e-003 	
         4.928	  7.690e-002 	  9.990e-003 	
         4.992	  7.690e-002 	  9.990e-003 	
         5.056	  7.690e-002 	  9.990e-003 	
         5.120	  7.690e-002 	  9.990e-003 	
         5.184	  7.690e-002 	  9.990e-003 	
         5.248	             	  9.990e-003 	
         5.280	  7.690e-002 	             	
         5.313	             	  9.990e-003 	
         5.344	  7.690e-002 	             	
         5.408	  7.700e-002 	  9.990e-003 	
         5.472	  7.700e-002 	  9.990e-003 	
         5.536	  7.700e-002 	  9.990e-003 	
         5.600	  7.700e-002 	  9.990e-003 	
         5.664	  7.700e-002 	  9.990e-003 	
         5.728	  7.700e-002 	  9.990e-003 	
         5.792	  7.700e-002 	  9.990e-003 	
         5.856	  7.700e-002 	  9.990e-003 	
         5.920	  7.690e-002 	  9.990e-003 	
         5.984	  7.690e-002 	  9.990e-003 	
         6.048	             	  9.990e-003 	
         6.080	  7.690e-002 	             	
         6.112	             	  9.990e-003 	
         6.144	  7.690e-002 	             	
         6.208	  7.690e-002 	  9.980e-003 	
         6.272	  7.690e-002 	  9.980e-003 	
         6.336	  7.690e-002 	  9.980e-003 	
         6.400	  7.690e-002 	  9.980e-003 	
         6.464	  7.690e-002 	  9.980e-003 	
         6.528	  7.690e-002 	  9.980e-003 	
         6.593	  7.690e-002 	  9.980e-003 	
         6.656	  7.690e-002 	  9.980e-003 	
         6.720	  7.690e-002 	  9.980e-003 	
         6.784	  7.690e-002 	  9.980e-003 	
         6.848	             	  9.970e-003 	
         6.880	  7.690e-002 	             	
         6.913	             	  9.970e-003 	
         6.944	  7.690e-002 	             	
         7.008	  7.690e-002 	  9.970e-003 	
         7.072	  7.690e-002 	  9.970e-003 	
         7.136	  7.690e-002 	  9.980e-003 	
         7.200	  7.690e-002 	  9.980e-003 	
         7.265	  7.690e-002 	  9.980e-003 	
         7.328	  7.690e-002 	  9.980e-003 	
         7.392	  7.690e-002 	  9.980e-003 	
         7.456	  7.690e-002 	  9.980e-003 	
         7.520	  7.690e-002 	  9.970e-003 	
         7.584	  7.690e-002 	  9.970e-003 	
         7.648	             	  9.980e-003 	
         7.680	  7.690e-002 	             	
         7.712	             	  9.980e-003 	
         7.744	  7.690e-002 	             	
         7.808	  7.690e-002 	  9.980e-003 	
         7.872	  7.690e-002 	  9.980e-003 	
         7.936	  7.690e-002 	  9.980e-003 	
         8.000	  7.690e-002 	  9.980e-003 	
         8.064	  7.690e-002 	  9.980e-003 	
         8.129	  7.700e-002 	  9.980e-003 	
         8.192	  7.700e-002 	  9.980e-003 	
         8.256	  7.700e-002 	  9.980e-003 	
         8.320	  7.690e-002 	  9.980e-003 	
         8.384	  7.690e-002 	  9.980e-003 	
         8.449	             	  9.980e-003 	
         8.480	  7.690e-002 	             	
         8.512	             	  9.980e-003 	
         8.544	  7.690e-002 	             	
         8.608	  7.700e-002 	  9.980e-003 	
         8.673	  7.700e-002 	  9.980e-003 	
         8.736	  7.700e-002 	  9.990e-003 	
         8.801	  7.700e-002 	  9.990e-003 	
         8.865	  7.700e-002 	  9.990e-003 	
         8.928	  7.700e-002 	  9.990e-003 	
         8.992	  7.700e-002 	  9.990e-003 	
         9.056	  7.700e-002 	  9.990e-003 	
         9.120	  7.700e-002 	  9.990e-003 	
         9.184	  7.700e-002 	  9.990e-003 	
         9.248	  7.700e-002 	  9.990e-003 	
         9.312	             	  9.990e-003 	
         9.344	  7.700e-002 	             	
         9.409	  7.700e-002 	  9.990e-003 	
         9.472	  7.700e-002 	  9.990e-003 	
         9.536	  7.700e-002 	  9.980e-003 	
         9.600	  7.700e-002 	  9.980e-003 	
         9.665	  7.700e-002 	  9.980e-003 	
         9.728	  7.700e-002 	  9.980e-003 	
         9.792	  7.700e-002 	  9.980e-003 	
         9.856	  7.700e-002 	  9.980e-003 	
         9.920	  7.700e-002 	  9.980e-003 	
         9.985	  7.690e-002 	  9.980e-003 	
        10.048	  7.690e-002 	  9.980e-003 	
        10.113	             	  9.980e-003 	
        10.144	  7.690e-002 	             	
        10.208	  7.690e-002 	  9.980e-003 	
        10.272	  7.690e-002 	  9.970e-003 	
        10.336	  7.690e-002 	  9.970e-003 	
        10.401	  7.690e-002 	  9.970e-003 	
        10.464	  7.690e-002 	  9.970e-003 	
        10.528	  7.690e-002 	  9.970e-003 	
        10.592	  7.690e-002 	  9.970e-003 	
        10.657	  7.690e-002 	  9.970e-003 	
        10.720	  7.690e-002 	  9.970e-003 	
        10.784	  7.690e-002 	  9.970e-003 	
        10.848	  7.690e-002 	  9.970e-003 	
        10.912	             	  9.970e-003 	
        10.945	  7.690e-002 	             	
        11.008	  7.690e-002 	  9.980e-003 	
        11.072	  7.690e-002 	  9.970e-003 	
        11.136	  7.690e-002 	  9.970e-003 	
        11.200	  7.690e-002 	  9.970e-003 	
        11.264	  7.690e-002 	  9.970e-003 	
        11.327	  7.690e-002 	             	
        11.328	             	  9.970e-003 	
        11.392	  7.690e-002 	  9.970e-003 	
        11.456	  7.690e-002 	  9.970e-003 	
        11.519	  7.690e-002 	             	
        11.520	             	  9.970e-003 	
        11.584	  7.690e-002 	  9.970e-003 	
        11.649	  7.690e-002 	  9.970e-003 	
        11.712	             	  9.970e-003 	
        11.744	  7.690e-002 	             	
        11.808	  7.690e-002 	  9.970e-003 	
        11.872	  7.690e-002 	  9.970e-003 	
        11.936	  7.690e-002 	  9.970e-003 	
        12.000	  7.690e-002 	  9.970e-003 	
        12.064	  7.690e-002 	  9.970e-003 	
        12.127	  7.690e-002 	             	
        12.128	             	  9.970e-003 	
        12.192	  7.690e-002 	  9.970e-003 	
        12.256	  7.690e-002 	  9.970e-003 	
        12.320	  7.690e-002 	  9.970e-003 	
        12.384	  7.690e-002 	  9.970e-003 	
        12.449	  7.690e-002 	  9.970e-003 	
        12.513	             	  9.970e-003 	
        12.544	  7.690e-002 	             	
        12.609	  7.690e-002 	  9.970e-003 	
        12.672	  7.690e-002 	  9.970e-003 	
        12.736	  7.690e-002 	  9.970e-003 	
        12.800	  7.690e-002 	  9.970e-003 	
        12.864	  7.690e-002 	  9.970e-003 	
        12.929	  7.690e-002 	  9.970e-003 	
        12.992	  7.690e-002 	  9.970e-003 	
        13.056	  7.690e-002 	  9.970e-003 	
        13.120	  7.690e-002 	  9.970e-003 	
        13.184	  7.690e-002 	  9.970e-003 	
        13.248	  7.690e-002 	  9.970e-003 	
        13.312	             	  9.970e-003 	
        13.345	  7.690e-002 	             	
        13.408	  7.690e-002 	  9.970e-003 	
        13.473	  7.690e-002 	  9.970e-003 	
        13.536	  7.690e-002 	  9.970e-003 	
        13.600	  7.690e-002 	  9.970e-003 	
        13.664	  7.690e-002 	  9.980e-003 	
        13.729	  7.700e-002 	  9.980e-003 	
        13.792	  7.700e-002 	  9.980e-003 	
        13.856	  7.700e-002 	  9.980e-003 	
        13.920	  7.700e-002 	  9.980e-003 	
        13.984	  7.700e-002 	  9.980e-003 	
        14.048	  7.700e-002 	  9.990e-003 	
        14.113	             	  9.990e-003 	
        14.144	  7.710e-002 	             	
        14.208	  7.710e-002 	  9.990e-003 	
        14.272	  7.710e-002 	  9.990e-003 	
        14.336	  7.710e-002 	  9.990e-003 	
        14.400	  7.710e-002 	  9.990e-003 	
        14.465	  7.710e-002 	  9.990e-003 	
        14.528	  7.710e-002 	  1.000e-002 	
        14.592	  7.710e-002 	  9.990e-003 	
        14.657	  7.710e-002 	  9.990e-003 	
        14.720	  7.700e-002 	  9.990e-003 	
        14.784	  7.700e-002 	  9.990e-003 	
        14.848	  7.700e-002 	  9.990e-003 	
        14.912	             	  9.990e-003 	
        14.944	  7.700e-002 	             	
        15.008	  7.700e-002 	  9.990e-003 	
        15.072	  7.700e-002 	  9.980e-003 	
        15.137	  7.700e-002 	  9.980e-003 	
        15.200	  7.700e-002 	  9.980e-003 	
        15.265	  7.700e-002 	  9.980e-003 	
        15.328	  7.700e-002 	  9.980e-003 	
        15.392	  7.700e-002 	  9.990e-003 	
        15.456	  7.700e-002 	  9.990e-003 	
        15.521	  7.700e-002 	  9.990e-003 	
        15.584	  7.710e-002 	  9.990e-003 	
        15.648	  7.710e-002 	  9.990e-003 	
        15.712	             	  9.990e-003 	
        15.744	  7.710e-002 	             	
        15.808	  7.710e-002 	             	
        15.809	             	  9.990e-003 	
        15.872	  7.710e-002 	  9.990e-003 	
        15.936	  7.710e-002 	  9.990e-003 	
        16.000	  7.710e-002 	  9.990e-003 	
        16.064	  7.710e-002 	  9.990e-003 	
        16.128	  7.710e-002 	  9.990e-003 	
        16.193	  7.710e-002 	  9.990e-003 	
        16.256	  7.710e-002 	  9.990e-003 	
        16.320	  7.710e-002 	  9.990e-003 	
        16.384	  7.710e-002 	  9.990e-003 	
        16.448	  7.710e-002 	  9.990e-003 	
        16.512	             	  9.990e-003 	
        16.545	  7.700e-002 	             	
        16.577	             	  9.990e-003 	
        16.609	  7.700e-002 	             	
        16.672	  7.700e-002 	  9.980e-003 	
        16.736	  7.700e-002 	  9.980e-003 	
        16.800	  7.700e-002 	  9.980e-003 	
        16.865	  7.700e-002 	  9.980e-003 	
        16.928	  7.700e-002 	  9.970e-003 	
        16.992	  7.700e-002 	  9.970e-003 	
        17.056	  7.690e-002 	  9.970e-003 	
        17.121	  7.690e-002 	  9.970e-003 	
        17.184	  7.690e-002 	  9.970e-003 	
        17.248	  7.690e-002 	  9.970e-003 	
        17.312	             	  9.970e-003 	
        17.344	  7.690e-002 	             	
        17.408	  7.690e-002 	  9.970e-003 	
        17.472	  7.690e-002 	  9.970e-003 	
        17.536	  7.690e-002 	  9.970e-003 	
        17.600	  7.700e-002 	  9.970e-003 	
        17.664	  7.700e-002 	  9.970e-003 	
        17.729	  7.700e-002 	  9.970e-003 	
        17.792	  7.700e-002 	  9.970e-003 	
        17.856	  7.700e-002 	  9.970e-003 	
        17.921	  7.700e-002 	  9.970e-003 	
        17.985	  7.700e-002 	  9.970e-003 	
        18.049	  7.700e-002 	  9.970e-003 	
        18.112	             	  9.960e-003 	
        18.144	  7.700e-002 	             	
        18.176	             	  9.960e-003 	
        18.209	  7.700e-002 	             	
        18.272	  7.700e-002 	  9.960e-003 	
        18.336	  7.700e-002 	  9.960e-003 	
        18.400	  7.700e-002 	  9.960e-003 	
        18.464	  7.700e-002 	  9.960e-003 	
        18.528	  7.700e-002 	  9.960e-003 	
        18.592	  7.700e-002 	  9.960e-003 	
        18.656	  7.690e-002 	  9.960e-003 	
        18.720	  7.690e-002 	  9.950e-003 	
        18.784	  7.690e-002 	  9.950e-003 	
        18.848	  7.690e-002 	  9.950e-003 	
        18.912	             	  9.940e-003 	
        18.944	  7.690e-002 	             	
        18.976	             	  9.940e-003 	
        19.008	  7.690e-002 	             	
        19.073	  7.690e-002 	  9.940e-003 	
        19.136	  7.690e-002 	  9.940e-003 	
        19.200	  7.690e-002 	  9.940e-003 	
        19.264	  7.690e-002 	  9.940e-003 	
        19.328	  7.690e-002 	  9.940e-003 	
        19.392	  7.690e-002 	  9.940e-003 	
        19.456	  7.690e-002 	  9.940e-003 	
        19.520	  7.690e-002 	  9.940e-003 	
        19.584	  7.690e-002 	  9.930e-003 	
        19.648	  7.690e-002 	  9.930e-003 	
        19.712	             	  9.930e-003 	
        19.744	  7.690e-002 	             	
        19.776	             	  9.930e-003 	
        19.808	  7.690e-002 	             	
        19.872	  7.690e-002 	  9.930e-003 	
        19.936	  7.700e-002 	  9.930e-003 	
        20.000	  7.700e-002 	  9.930e-003 	
        20.065	  7.700e-002 	  9.930e-003 	
        20.128	  7.700e-002 	  9.930e-003 	
        20.192	  7.700e-002 	  9.930e-003 	
        20.256	  7.700e-002 	  9.920e-003 	
        20.320	  7.700e-002 	  9.920e-003 	
        20.385	  7.700e-002 	  9.920e-003 	
        20.448	  7.700e-002 	  9.920e-003 	
        20.513	             	  9.920e-003 	
        20.544	  7.700e-002 	             	
        20.576	             	  9.920e-003 	
        20.608	  7.690e-002 	             	
        20.673	  7.690e-002 	  9.920e-003 	
        20.736	  7.690e-002 	  9.910e-003 	
        20.800	  7.690e-002 	  9.910e-003 	
        20.864	  7.690e-002 	  9.910e-003 	
        20.928	  7.690e-002 	  9.910e-003 	
        20.993	  7.690e-002 	  9.900e-003 	
        21.056	  7.680e-002 	  9.900e-003 	
        21.120	  7.680e-002 	  9.900e-003 	
        21.183	  7.680e-002 	  9.900e-003 	
        21.248	  7.690e-002 	  9.900e-003 	
        21.312	  7.690e-002 	  9.900e-003 	
        21.377	             	  9.900e-003 	
        21.408	  7.690e-002 	             	
        21.473	  7.690e-002 	  9.900e-003 	
        21.536	  7.690e-002 	  9.900e-003 	
        21.600	  7.690e-002 	  9.900e-003 	
        21.664	  7.700e-002 	  9.900e-003 	
        21.728	  7.700e-002 	  9.900e-003 	
        21.793	  7.700e-002 	  9.900e-003 	
        21.857	  7.700e-002 	  9.890e-003 	
        21.920	  7.700e-002 	  9.890e-003 	
        21.984	  7.700e-002 	  9.890e-003 	
        22.048	  7.700e-002 	  9.890e-003 	
        22.112	             	  9.880e-003 	
        22.144	  7.700e-002 	             	
        22.177	             	  9.880e-003 	
        22.208	  7.700e-002 	             	
        22.272	  7.700e-002 	  9.880e-003 	
        22.336	  7.690e-002 	  9.870e-003 	
        22.400	  7.690e-002 	  9.870e-003 	
        22.464	  7.690e-002 	  9.860e-003 	
        22.529	  7.690e-002 	  9.860e-003 	
        22.592	  7.690e-002 	  9.850e-003 	
        22.656	  7.690e-002 	  9.840e-003 	
        22.720	  7.680e-002 	  9.830e-003 	
        22.785	  7.680e-002 	  9.830e-003 	
        22.848	  7.680e-002 	  9.820e-003 	
        22.912	  7.680e-002 	  9.810e-003 	
        22.976	             	  9.810e-003 	
        23.008	  7.680e-002 	             	
        23.072	  7.680e-002 	  9.800e-003 	
        23.136	  7.680e-002 	  9.800e-003 	
        23.200	  7.680e-002 	  9.800e-003 	
        23.264	  7.680e-002 	  9.790e-003 	
        23.329	  7.680e-002 	  9.790e-003 	
        23.392	  7.680e-002 	  9.790e-003 	
        23.456	  7.680e-002 	  9.790e-003 	
        23.520	  7.680e-002 	  9.790e-003 	
        23.584	  7.680e-002 	  9.790e-003 	
        23.648	  7.680e-002 	  9.790e-003 	
        23.713	  7.690e-002 	  9.790e-003 	
        23.776	             	  9.790e-003 	
        23.808	  7.690e-002 	             	
        23.872	  7.690e-002 	  9.800e-003 	
        23.936	  7.690e-002 	  9.800e-003 	
        24.001	  7.690e-002 	  9.800e-003 	
        24.064	  7.690e-002 	  9.800e-003 	
        24.128	  7.690e-002 	  9.800e-003 	
        24.192	  7.690e-002 	  9.800e-003 	
        24.256	  7.680e-002 	  9.800e-003 	
        24.321	  7.680e-002 	  9.800e-003 	
        24.384	  7.680e-002 	  9.800e-003 	
        24.448	  7.680e-002 	  9.800e-003 	
        24.512	  7.680e-002 	  9.790e-003 	
        24.576	             	  9.790e-003 	
        24.608	  7.680e-002 	             	
        24.672	  7.680e-002 	  9.780e-003 	
        24.737	  7.680e-002 	  9.780e-003 	
        24.800	  7.680e-002 	  9.780e-003 	
        24.864	  7.680e-002 	  9.770e-003 	
        24.928	  7.690e-002 	  9.770e-003 	
        24.992	  7.690e-002 	  9.770e-003 	
        25.057	  7.690e-002 	  9.770e-003 	
        25.119	  7.690e-002 	             	
        25.120	             	  9.770e-003 	
        25.184	  7.690e-002 	  9.770e-003 	
        25.248	  7.690e-002 	  9.770e-003 	
        25.313	  7.690e-002 	  9.770e-003 	
        25.377	             	  9.780e-003 	
        25.408	  7.690e-002 	             	
        25.473	  7.690e-002 	  9.780e-003 	
        25.536	  7.700e-002 	  9.780e-003 	
        25.601	  7.700e-002 	  9.790e-003 	
        25.664	  7.700e-002 	  9.790e-003 	
        25.728	  7.700e-002 	  9.800e-003 	
        25.792	  7.700e-002 	  9.800e-003 	
        25.857	  7.700e-002 	  9.800e-003 	
        25.920	  7.700e-002 	  9.810e-003 	
        25.984	  7.700e-002 	  9.810e-003 	
        26.048	  7.700e-002 	  9.810e-003 	
        26.112	  7.690e-002 	  9.810e-003 	
        26.176	             	  9.820e-003 	
        26.208	  7.690e-002 	             	
        26.272	  7.690e-002 	  9.820e-003 	
        26.336	  7.690e-002 	  9.820e-003 	
        26.400	  7.690e-002 	  9.830e-003 	
        26.464	  7.700e-002 	  9.830e-003 	
        26.528	  7.700e-002 	  9.830e-003 	
        26.593	  7.700e-002 	  9.840e-003 	
        26.656	  7.700e-002 	  9.840e-003 	
        26.720	  7.690e-002 	  9.840e-003 	
        26.784	  7.690e-002 	  9.840e-003 	
        26.848	  7.690e-002 	  9.840e-003 	
        26.912	  7.690e-002 	  9.840e-003 	
        26.976	             	  9.840e-003 	
        27.009	  7.690e-002 	             	
        27.072	  7.690e-002 	  9.850e-003 	
        27.136	  7.690e-002 	  9.850e-003 	
        27.200	  7.690e-002 	  9.850e-003 	
        27.264	  7.690e-002 	  9.850e-003 	
        27.328	  7.690e-002 	  9.850e-003 	
        27.392	  7.690e-002 	  9.860e-003 	
        27.457	  7.690e-002 	  9.860e-003 	
        27.520	  7.690e-002 	  9.860e-003 	
        27.584	  7.690e-002 	  9.860e-003 	
        27.648	  7.690e-002 	  9.870e-003 	
        27.712	  7.690e-002 	  9.870e-003 	
        27.776	             	  9.870e-003 	
        27.808	  7.690e-002 	             	
        27.872	  7.690e-002 	  9.880e-003 	
        27.937	  7.690e-002 	  9.880e-003 	
        28.000	  7.690e-002 	  9.880e-003 	
        28.064	  7.690e-002 	  9.880e-003 	
        28.129	  7.690e-002 	  9.880e-003 	
        28.192	  7.690e-002 	  9.880e-003 	
        28.256	  7.690e-002 	  9.890e-003 	
        28.320	  7.690e-002 	  9.890e-003 	
        28.384	  7.690e-002 	  9.890e-003 	
        28.448	  7.690e-002 	  9.890e-003 	
        28.511	  7.690e-002 	  9.890e-003 	
        28.576	             	  9.890e-003 	
        28.609	  7.690e-002 	             	
        28.673	  7.690e-002 	  9.890e-003 	
        28.736	  7.690e-002 	  9.890e-003 	
        28.800	  7.690e-002 	  9.890e-003 	
        28.864	  7.690e-002 	  9.900e-003 	
        28.928	  7.690e-002 	  9.900e-003 	
        28.992	  7.690e-002 	  9.900e-003 	
        29.056	  7.690e-002 	  9.900e-003 	
        29.120	  7.690e-002 	  9.900e-003 	
        29.184	  7.690e-002 	  9.900e-003 	
        29.248	  7.690e-002 	  9.900e-003 	
        29.311	  7.690e-002 	             	
        29.312	             	  9.900e-003 	
        29.377	             	  9.900e-003 	
        29.409	  7.690e-002 	             	
        29.441	             	  9.910e-003 	
        29.472	  7.690e-002 	             	
        29.537	  7.690e-002 	  9.910e-003 	
        29.600	  7.690e-002 	  9.910e-003 	
        29.664	  7.690e-002 	  9.910e-003 	
        29.728	  7.690e-002 	  9.910e-003 	
        29.792	  7.690e-002 	  9.910e-003 	
        29.857	  7.690e-002 	  9.910e-003 	
        29.920	  7.690e-002 	  9.920e-003 	
        29.985	  7.700e-002 	  9.920e-003 	
        30.048	  7.700e-002 	  9.920e-003 	
        30.112	  7.700e-002 	  9.920e-003 	
        30.176	             	  9.920e-003 	
        30.209	  7.700e-002 	             	
        30.241	             	  9.920e-003 	
        30.272	  7.690e-002 	             	
        30.337	  7.690e-002 	  9.920e-003 	
        30.400	  7.690e-002 	  9.920e-003 	
        30.464	  7.690e-002 	  9.920e-003 	
        30.528	  7.700e-002 	  9.930e-003 	
        30.592	  7.700e-002 	  9.930e-003 	
        30.656	  7.700e-002 	  9.930e-003 	
        30.720	  7.690e-002 	  9.930e-003 	
        30.784	  7.690e-002 	  9.930e-003 	
        30.848	  7.690e-002 	  9.930e-003 	
        30.912	  7.690e-002 	  9.930e-003 	
        30.976	             	  9.920e-003 	
        31.008	  7.690e-002 	             	
        31.041	             	  9.920e-003 	
        31.072	  7.690e-002 	             	
        31.136	  7.690e-002 	  9.920e-003 	
        31.200	  7.690e-002 	  9.920e-003 	
        31.264	  7.690e-002 	  9.920e-003 	
        31.328	  7.690e-002 	  9.930e-003 	
        31.392	  7.690e-002 	  9.930e-003 	
        31.456	  7.690e-002 	  9.930e-003 	
        31.521	  7.690e-002 	  9.930e-003 	
        31.584	  7.690e-002 	  9.930e-003 	
        31.648	  7.690e-002 	  9.930e-003 	
        31.712	  7.700e-002 	  9.940e-003 	
        31.776	             	  9.940e-003 	
        31.808	  7.700e-002 	             	
        31.840	             	  9.940e-003 	
        31.873	  7.700e-002 	             	
        31.936	  7.700e-002 	  9.940e-003 	
        32.000	  7.700e-002 	  9.940e-003 	
        32.065	  7.700e-002 	  9.950e-003 	
        32.128	  7.700e-002 	  9.950e-003 	
        32.192	  7.710e-002 	  9.950e-003 	
        32.256	  7.710e-002 	  9.950e-003 	
        32.320	  7.710e-002 	  9.960e-003 	
        32.384	  7.710e-002 	  9.960e-003 	
        32.448	  7.710e-002 	  9.960e-003 	
        32.512	  7.710e-002 	  9.960e-003 	
        32.576	             	  9.960e-003 	
        32.608	  7.700e-002 	             	
        32.639	             	  9.950e-003 	
        32.672	  7.700e-002 	             	
        32.736	  7.700e-002 	  9.950e-003 	
        32.801	  7.700e-002 	  9.950e-003 	
        32.864	  7.700e-002 	  9.950e-003 	
        32.928	  7.700e-002 	  9.950e-003 	
        32.992	  7.700e-002 	  9.950e-003 	
        33.057	  7.690e-002 	  9.950e-003 	
        33.120	  7.690e-002 	  9.950e-003 	
        33.183	  7.690e-002 	             	
        33.184	             	  9.940e-003 	
        33.248	  7.690e-002 	  9.940e-003 	
        33.311	  7.690e-002 	             	
        33.312	             	  9.940e-003 	
        33.377	             	  9.940e-003 	
        33.408	  7.690e-002 	             	
        33.440	             	  9.950e-003 	
        33.472	  7.690e-002 	             	
        33.536	  7.700e-002 	  9.950e-003 	
        33.600	  7.700e-002 	  9.950e-003 	
        33.664	  7.700e-002 	  9.950e-003 	
        33.728	  7.700e-002 	  9.950e-003 	
        33.792	  7.700e-002 	  9.950e-003 	
        33.856	  7.700e-002 	  9.960e-003 	
        33.921	  7.700e-002 	  9.960e-003 	
        33.984	  7.700e-002 	  9.960e-003 	
        34.048	  7.700e-002 	  9.960e-003 	
        34.113	  7.700e-002 	  9.960e-003 	
        34.176	             	  9.960e-003 	
        34.209	  7.700e-002 	             	
        34.241	             	  9.960e-003 	
        34.272	  7.700e-002 	             	
        34.336	  7.700e-002 	  9.960e-003 	
        34.400	  7.700e-002 	  9.960e-003 	
        34.464	  7.700e-002 	  9.960e-003 	
        34.528	  7.700e-002 	  9.960e-003 	
        34.592	  7.700e-002 	  9.960e-003 	
        34.656	  7.700e-002 	  9.960e-003 	
        34.720	  7.700e-002 	  9.960e-003 	
        34.784	  7.700e-002 	  9.960e-003 	
        34.847	  7.700e-002 	             	
        34.848	             	  9.960e-003 	
        34.912	  7.700e-002 	  9.960e-003 	
        34.976	  7.700e-002 	  9.960e-003 	
        35.040	             	  9.960e-003 	
        35.072	  7.700e-002 	             	
        35.136	  7.700e-002 	  9.960e-003 	
        35.200	  7.700e-002 	  9.960e-003 	
        35.265	  7.700e-002 	  9.960e-003 	
        35.328	  7.690e-002 	  9.960e-003 	
        35.392	  7.690e-002 	  9.960e-003 	
        35.457	  7.690e-002 	  9.960e-003 	
        35.520	  7.690e-002 	  9.950e-003 	
        35.585	  7.690e-002 	  9.950e-003 	
        35.647	  7.690e-002 	             	
        35.648	             	  9.950e-003 	
        35.712	  7.690e-002 	  9.950e-003 	
        35.776	  7.690e-002 	  9.950e-003 	
        35.840	             	  9.950e-003 	
        35.873	  7.690e-002 	             	
        35.936	  7.690e-002 	  9.950e-003 	
        36.000	  7.680e-002 	  9.940e-003 	
        36.064	  7.680e-002 	  9.940e-003 	
        36.128	  7.680e-002 	  9.940e-003 	
        36.192	  7.680e-002 	  9.940e-003 	
        36.256	  7.680e-002 	  9.940e-003 	
        36.320	  7.680e-002 	  9.950e-003 	
        36.384	  7.680e-002 	  9.950e-003 	
        36.448	  7.690e-002 	  9.950e-003 	
        36.512	  7.690e-002 	  9.950e-003 	
        36.575	  7.690e-002 	             	
        36.576	             	  9.950e-003 	
        36.640	             	  9.950e-003 	
        36.672	  7.690e-002 	             	
        36.737	  7.690e-002 	  9.950e-003 	
        36.800	  7.690e-002 	  9.950e-003 	
        36.864	  7.690e-002 	  9.950e-003 	
        36.928	  7.690e-002 	  9.950e-003 	
        36.992	  7.690e-002 	  9.950e-003 	
        37.056	  7.690e-002 	  9.960e-003 	
        37.120	  7.690e-002 	  9.960e-003 	
        37.185	  7.690e-002 	  9.960e-003 	
        37.248	  7.690e-002 	  9.960e-003 	
        37.313	  7.690e-002 	  9.960e-003 	
        37.376	  7.690e-002 	  9.960e-003 	
        37.440	             	  9.960e-003 	
        37.471	  7.690e-002 	             	
        37.537	  7.690e-002 	  9.960e-003 	
        37.600	  7.690e-002 	  9.950e-003 	
        37.664	  7.690e-002 	  9.950e-003 	
        37.728	  7.690e-002 	  9.950e-003 	
        37.792	  7.690e-002 	  9.950e-003 	
        37.856	  7.690e-002 	  9.950e-003 	
        37.920	  7.690e-002 	  9.950e-003 	
        37.985	  7.690e-002 	  9.950e-003 	
        38.049	  7.690e-002 	  9.950e-003 	
        38.112	  7.690e-002 	  9.950e-003 	
        38.176	  7.690e-002 	  9.950e-003 	
        38.240	             	  9.950e-003 	
        38.272	  7.690e-002 	             	
        38.336	  7.690e-002 	  9.950e-003 	
        38.400	  7.690e-002 	  9.950e-003 	
        38.464	  7.690e-002 	  9.950e-003 	
        38.529	  7.690e-002 	  9.950e-003 	
        38.592	  7.690e-002 	  9.950e-003 	
        38.656	  7.690e-002 	  9.960e-003 	
        38.720	  7.690e-002 	  9.960e-003 	
        38.784	  7.690e-002 	  9.960e-003 	
        38.849	  7.690e-002 	  9.960e-003 	
        38.912	  7.690e-002 	  9.960e-003 	
        38.976	  7.690e-002 	  9.950e-003 	
        39.040	             	  9.950e-003 	
        39.072	  7.690e-002 	             	
        39.136	  7.680e-002 	  9.950e-003 	
        39.201	  7.680e-002 	  9.950e-003 	
        39.265	  7.680e-002 	  9.950e-003 	
        39.328	  7.680e-002 	  9.950e-003 	
        39.392	  7.680e-002 	  9.950e-003 	
        39.456	  7.690e-002 	  9.950e-003 	
        39.521	  7.690e-002 	  9.950e-003 	
        39.584	  7.690e-002 	  9.950e-003 	
        39.648	  7.690e-002 	  9.950e-003 	
        39.712	  7.690e-002 	  9.950e-003 	
        39.776	  7.690e-002 	  9.950e-003 	
        39.840	             	  9.950e-003 	
        39.872	  7.690e-002 	             	
        39.936	  7.680e-002 	  9.940e-003 	
        40.000	  7.680e-002 	  9.940e-003 	
        40.064	  7.680e-002 	  9.940e-003 	
        40.128	  7.680e-002 	  9.940e-003 	
        40.192	  7.680e-002 	  9.940e-003 	
        40.257	  7.680e-002 	  9.940e-003 	
        40.320	  7.680e-002 	  9.940e-003 	
        40.384	  7.680e-002 	  9.940e-003 	
        40.449	  7.680e-002 	  9.940e-003 	
        40.512	  7.680e-002 	             	
        40.513	             	  9.940e-003 	
        40.576	  7.680e-002 	  9.940e-003 	
        40.640	             	  9.950e-003 	
        40.672	  7.680e-002 	             	
        40.736	  7.680e-002 	  9.950e-003 	
        40.800	  7.680e-002 	  9.950e-003 	
        40.864	  7.680e-002 	  9.950e-003 	
        40.929	  7.680e-002 	  9.950e-003 	
        40.992	  7.680e-002 	  9.950e-003 	
        41.056	  7.680e-002 	  9.950e-003 	
        41.120	  7.680e-002 	  9.940e-003 	
        41.184	  7.680e-002 	  9.940e-003 	
        41.248	  7.680e-002 	  9.940e-003 	
        41.312	  7.680e-002 	  9.940e-003 	
        41.376	  7.680e-002 	  9.940e-003 	
        41.441	             	  9.940e-003 	
        41.472	  7.670e-002 	             	
        41.536	  7.680e-002 	  9.940e-003 	
        41.600	  7.680e-002 	  9.940e-003 	
        41.664	  7.680e-002 	  9.940e-003 	
        41.728	  7.680e-002 	  9.940e-003 	
        41.792	  7.680e-002 	  9.950e-003 	
        41.856	  7.680e-002 	  9.950e-003 	
        41.920	  7.680e-002 	  9.950e-003 	
        41.984	  7.680e-002 	  9.950e-003 	
        42.048	  7.680e-002 	  9.950e-003 	
        42.112	  7.680e-002 	  9.950e-003 	
        42.176	  7.680e-002 	  9.950e-003 	
        42.240	             	  9.960e-003 	
        42.272	  7.680e-002 	             	
        42.336	  7.690e-002 	  9.960e-003 	
        42.400	  7.690e-002 	  9.960e-003 	
        42.464	  7.690e-002 	  9.960e-003 	
        42.529	  7.690e-002 	  9.960e-003 	
        42.592	  7.690e-002 	  9.960e-003 	
        42.656	  7.690e-002 	  9.960e-003 	
        42.720	  7.690e-002 	  9.960e-003 	
        42.785	  7.690e-002 	  9.960e-003 	
        42.848	  7.690e-002 	  9.960e-003 	
        42.912	  7.690e-002 	  9.960e-003 	
        42.976	  7.690e-002 	  9.960e-003 	
        43.040	             	  9.960e-003 	
        43.072	  7.690e-002 	             	
        43.104	             	  9.960e-003 	
        43.136	  7.690e-002 	             	
        43.201	  7.690e-002 	  9.960e-003 	
