;PC Software:StarLab Version 3.30 Build 10
! ******* Warning: Do not modify this file. Changes may prevent   ********
! ******* the StarLab Log reader from opening the file correctly. ********
;Logged:19/03/2021 at 16:15:59
;File Version:5
;Time Resolution:1 microseconds
;Log Settings:Stop after:period: 00:05:00
;Graph Mode:Split
;Notes:                                                            

;Channel A:Vega Thermopile 3A (s/n:940606)  VG2.52 (s/n:946462)
;Channel B:Vega Thermopile 3A (s/n:947746)  VG2.52 (s/n:946463)

;Channel A:Details
;Name:3A
;Graph Type:Line
;Graph Color:RGB(14,104,168)
;Units:W
;Settings:Measuring:Power
;Settings:Wavelength:532
;Settings:Range:AUTO

;Channel B:Details
;Name:3A
;Graph Type:Line
;Graph Color:RGB(245,86,16)
;Units:W
;Settings:Measuring:Power
;Settings:Wavelength:532
;Settings:Range:AUTO

;Channel A:Statistics
;Min:81.50mW             
;Max:81.80mW             
;Average:81.64mW             
;Std.Dev.:75.17uW             
;Overrange:0                   

;Channel B:Statistics
;Min:5.760mW             
;Max:6.050mW             
;Average:6.000mW             
;Std.Dev.:57.02uW             
;Overrange:0                   
;--------------------


;First Pulse Arrived : 19/03/2021 at 16:16:00.134000
  Timestamp   	  Channel A  	  Channel B  	
         0.000	  8.170e-002 	             	
         0.063	  8.170e-002 	             	
         0.095	             	  6.010e-003 	
         0.127	  8.170e-002 	             	
         0.159	             	  6.010e-003 	
         0.192	  8.170e-002 	             	
         0.224	             	  6.010e-003 	
         0.256	  8.170e-002 	             	
         0.287	             	  6.010e-003 	
         0.351	  8.170e-002 	  6.010e-003 	
         0.416	  8.170e-002 	  6.010e-003 	
         0.480	  8.170e-002 	  6.010e-003 	
         0.543	  8.170e-002 	  6.010e-003 	
         0.608	  8.170e-002 	  6.010e-003 	
         0.672	  8.160e-002 	  6.010e-003 	
         0.736	  8.160e-002 	  6.010e-003 	
         0.800	  8.160e-002 	  6.010e-003 	
         0.864	  8.160e-002 	             	
         0.895	             	  6.010e-003 	
         0.928	  8.160e-002 	             	
         0.959	             	  6.010e-003 	
         0.991	  8.160e-002 	             	
         1.023	             	  6.010e-003 	
         1.056	  8.160e-002 	             	
         1.088	             	  6.010e-003 	
         1.152	  8.160e-002 	  6.010e-003 	
         1.216	  8.160e-002 	  6.010e-003 	
         1.280	  8.160e-002 	  6.010e-003 	
         1.344	  8.160e-002 	  6.010e-003 	
         1.407	  8.160e-002 	  6.010e-003 	
         1.471	  8.160e-002 	  6.010e-003 	
         1.536	  8.160e-002 	  6.010e-003 	
         1.600	  8.160e-002 	  6.010e-003 	
         1.663	  8.160e-002 	             	
         1.696	             	  6.010e-003 	
         1.727	  8.160e-002 	             	
         1.760	             	  6.010e-003 	
         1.792	  8.170e-002 	             	
         1.824	             	  6.010e-003 	
         1.856	  8.170e-002 	             	
         1.888	             	  6.010e-003 	
         1.952	  8.170e-002 	  6.010e-003 	
         2.016	  8.170e-002 	  6.010e-003 	
         2.080	  8.170e-002 	  6.010e-003 	
         2.144	  8.170e-002 	  6.010e-003 	
         2.208	  8.170e-002 	  6.000e-003 	
         2.271	  8.170e-002 	  6.000e-003 	
         2.336	  8.170e-002 	  6.000e-003 	
         2.400	  8.170e-002 	  6.000e-003 	
         2.464	  8.170e-002 	             	
         2.495	             	  6.000e-003 	
         2.527	  8.160e-002 	             	
         2.560	             	  6.000e-003 	
         2.592	  8.160e-002 	             	
         2.624	             	  6.000e-003 	
         2.655	  8.170e-002 	             	
         2.687	             	  6.000e-003 	
         2.752	  8.170e-002 	  6.000e-003 	
         2.815	  8.170e-002 	  6.000e-003 	
         2.879	  8.170e-002 	  6.000e-003 	
         2.944	  8.170e-002 	  6.000e-003 	
         3.007	  8.170e-002 	  6.000e-003 	
         3.072	  8.170e-002 	  6.000e-003 	
         3.136	  8.170e-002 	  6.000e-003 	
         3.200	  8.170e-002 	  6.010e-003 	
         3.264	  8.170e-002 	             	
         3.295	             	  6.010e-003 	
         3.328	  8.170e-002 	             	
         3.360	             	  6.010e-003 	
         3.392	  8.170e-002 	             	
         3.424	             	  6.010e-003 	
         3.456	  8.170e-002 	             	
         3.488	             	  6.010e-003 	
         3.552	  8.170e-002 	  6.010e-003 	
         3.616	  8.170e-002 	  6.010e-003 	
         3.680	  8.170e-002 	  6.010e-003 	
         3.744	  8.170e-002 	  6.010e-003 	
         3.808	  8.160e-002 	  6.010e-003 	
         3.872	  8.160e-002 	  6.010e-003 	
         3.936	  8.160e-002 	  6.010e-003 	
         4.000	  8.160e-002 	  6.010e-003 	
         4.064	  8.160e-002 	             	
         4.096	             	  6.010e-003 	
         4.128	  8.160e-002 	             	
         4.160	             	  6.010e-003 	
         4.192	  8.160e-002 	             	
         4.223	             	  6.010e-003 	
         4.256	  8.160e-002 	             	
         4.288	             	  6.010e-003 	
         4.352	  8.160e-002 	  6.010e-003 	
         4.416	  8.160e-002 	  6.000e-003 	
         4.480	  8.160e-002 	  6.000e-003 	
         4.544	  8.160e-002 	  6.000e-003 	
         4.607	  8.160e-002 	  6.000e-003 	
         4.671	  8.160e-002 	  6.000e-003 	
         4.736	  8.160e-002 	  6.000e-003 	
         4.799	  8.160e-002 	  6.000e-003 	
         4.863	  8.160e-002 	             	
         4.895	             	  6.000e-003 	
         4.927	  8.160e-002 	             	
         4.960	             	  6.000e-003 	
         4.992	  8.160e-002 	             	
         5.024	             	  6.000e-003 	
         5.055	  8.160e-002 	             	
         5.088	             	  6.010e-003 	
         5.152	  8.160e-002 	  6.010e-003 	
         5.215	  8.160e-002 	  6.010e-003 	
         5.280	  8.160e-002 	  6.010e-003 	
         5.344	  8.160e-002 	  6.010e-003 	
         5.408	  8.160e-002 	  6.010e-003 	
         5.471	  8.170e-002 	  6.010e-003 	
         5.536	  8.170e-002 	  6.010e-003 	
         5.600	  8.170e-002 	  6.010e-003 	
         5.664	  8.170e-002 	             	
         5.696	             	  6.010e-003 	
         5.728	  8.170e-002 	             	
         5.760	             	  6.010e-003 	
         5.792	  8.170e-002 	             	
         5.824	             	  6.010e-003 	
         5.855	  8.170e-002 	             	
         5.887	             	  6.010e-003 	
         5.952	  8.170e-002 	  6.010e-003 	
         6.016	  8.160e-002 	  6.010e-003 	
         6.080	  8.160e-002 	  6.010e-003 	
         6.144	  8.160e-002 	  6.010e-003 	
         6.208	  8.160e-002 	  6.010e-003 	
         6.271	  8.160e-002 	  6.010e-003 	
         6.336	  8.160e-002 	  6.010e-003 	
         6.399	  8.160e-002 	  6.010e-003 	
         6.463	  8.160e-002 	             	
         6.496	             	  6.010e-003 	
         6.528	  8.160e-002 	             	
         6.560	             	  6.010e-003 	
         6.592	  8.150e-002 	             	
         6.624	             	  6.010e-003 	
         6.656	  8.150e-002 	             	
         6.688	             	  6.000e-003 	
         6.720	  8.150e-002 	             	
         6.751	             	  6.000e-003 	
         6.815	  8.150e-002 	  6.000e-003 	
         6.880	  8.150e-002 	  6.000e-003 	
         6.943	  8.150e-002 	  6.000e-003 	
         7.008	  8.150e-002 	  6.000e-003 	
         7.072	  8.150e-002 	  6.000e-003 	
         7.136	  8.150e-002 	  6.000e-003 	
         7.200	  8.150e-002 	  6.000e-003 	
         7.264	  8.150e-002 	             	
         7.296	             	  6.000e-003 	
         7.328	  8.150e-002 	             	
         7.359	             	  6.000e-003 	
         7.391	  8.150e-002 	             	
         7.424	             	  6.000e-003 	
         7.456	  8.150e-002 	             	
         7.487	             	  6.000e-003 	
         7.520	  8.150e-002 	             	
         7.551	             	  6.000e-003 	
         7.616	  8.150e-002 	  6.000e-003 	
         7.680	  8.150e-002 	  6.000e-003 	
         7.744	  8.150e-002 	  6.000e-003 	
         7.808	  8.150e-002 	  6.000e-003 	
         7.872	  8.160e-002 	  6.000e-003 	
         7.936	  8.160e-002 	  6.000e-003 	
         7.999	  8.160e-002 	  6.000e-003 	
         8.064	  8.160e-002 	             	
         8.096	             	  6.010e-003 	
         8.128	  8.160e-002 	             	
         8.160	             	  6.010e-003 	
         8.192	  8.160e-002 	             	
         8.223	             	  6.010e-003 	
         8.256	  8.160e-002 	             	
         8.288	             	  6.010e-003 	
         8.320	  8.160e-002 	             	
         8.352	             	  6.010e-003 	
         8.416	  8.170e-002 	  6.010e-003 	
         8.480	  8.170e-002 	  6.010e-003 	
         8.544	  8.170e-002 	  6.010e-003 	
         8.607	  8.170e-002 	  6.010e-003 	
         8.671	  8.160e-002 	  6.010e-003 	
         8.735	  8.160e-002 	  6.010e-003 	
         8.800	  8.170e-002 	  6.010e-003 	
         8.863	  8.170e-002 	             	
         8.896	             	  6.010e-003 	
         8.928	  8.170e-002 	             	
         8.960	             	  6.010e-003 	
         8.991	  8.170e-002 	             	
         9.024	             	  6.010e-003 	
         9.055	  8.170e-002 	             	
         9.087	             	  6.010e-003 	
         9.120	  8.170e-002 	             	
         9.152	             	  6.020e-003 	
         9.216	  8.170e-002 	  6.020e-003 	
         9.280	  8.170e-002 	  6.020e-003 	
         9.344	  8.170e-002 	  6.020e-003 	
         9.407	  8.170e-002 	  6.020e-003 	
         9.471	             	  6.020e-003 	
         9.472	  8.170e-002 	             	
         9.535	  8.170e-002 	  6.020e-003 	
         9.600	  8.170e-002 	  6.020e-003 	
         9.664	  8.170e-002 	  6.020e-003 	
         9.728	  8.170e-002 	             	
         9.760	             	  6.020e-003 	
         9.792	  8.170e-002 	             	
         9.824	             	  6.020e-003 	
         9.855	  8.170e-002 	             	
         9.888	             	  6.020e-003 	
         9.920	  8.170e-002 	             	
         9.952	             	  6.020e-003 	
        10.016	  8.170e-002 	  6.020e-003 	
        10.080	  8.170e-002 	  6.020e-003 	
        10.144	  8.170e-002 	  6.020e-003 	
        10.208	  8.170e-002 	  6.020e-003 	
        10.271	  8.170e-002 	  6.020e-003 	
        10.336	  8.170e-002 	  6.020e-003 	
        10.400	  8.170e-002 	  6.020e-003 	
        10.464	  8.170e-002 	  6.020e-003 	
        10.527	  8.170e-002 	             	
        10.560	             	  6.020e-003 	
        10.592	  8.170e-002 	             	
        10.624	             	  6.010e-003 	
        10.656	  8.160e-002 	             	
        10.687	             	  6.010e-003 	
        10.720	  8.160e-002 	             	
        10.752	             	  6.010e-003 	
        10.816	  8.160e-002 	  6.010e-003 	
        10.880	  8.160e-002 	  6.010e-003 	
        10.944	  8.160e-002 	  6.010e-003 	
        11.007	  8.160e-002 	  6.010e-003 	
        11.072	  8.160e-002 	  6.010e-003 	
        11.136	  8.160e-002 	  6.010e-003 	
        11.200	  8.160e-002 	  6.010e-003 	
        11.264	  8.160e-002 	  6.010e-003 	
        11.328	  8.160e-002 	             	
        11.360	             	  6.010e-003 	
        11.392	  8.160e-002 	             	
        11.424	             	  6.010e-003 	
        11.455	  8.160e-002 	             	
        11.488	             	  6.010e-003 	
        11.520	  8.160e-002 	             	
        11.552	             	  6.020e-003 	
        11.616	  8.170e-002 	  6.020e-003 	
        11.680	  8.170e-002 	  6.020e-003 	
        11.744	  8.170e-002 	  6.020e-003 	
        11.808	  8.170e-002 	  6.020e-003 	
        11.872	  8.170e-002 	  6.020e-003 	
        11.936	  8.170e-002 	  6.020e-003 	
        12.000	  8.170e-002 	  6.020e-003 	
        12.064	  8.170e-002 	  6.030e-003 	
        12.127	  8.170e-002 	             	
        12.159	             	  6.030e-003 	
        12.192	  8.170e-002 	             	
        12.224	             	  6.030e-003 	
        12.256	  8.170e-002 	             	
        12.287	             	  6.030e-003 	
        12.319	  8.170e-002 	             	
        12.352	             	  6.030e-003 	
        12.416	  8.170e-002 	  6.020e-003 	
        12.480	  8.170e-002 	  6.020e-003 	
        12.543	  8.170e-002 	  6.020e-003 	
        12.608	  8.170e-002 	  6.020e-003 	
        12.672	  8.170e-002 	  6.020e-003 	
        12.736	  8.170e-002 	  6.020e-003 	
        12.800	  8.170e-002 	  6.020e-003 	
        12.864	  8.170e-002 	  6.020e-003 	
        12.928	  8.170e-002 	             	
        12.960	             	  6.020e-003 	
        12.991	  8.170e-002 	             	
        13.024	             	  6.020e-003 	
        13.055	  8.170e-002 	             	
        13.087	             	  6.020e-003 	
        13.119	  8.160e-002 	             	
        13.152	             	  6.020e-003 	
        13.216	  8.160e-002 	  6.020e-003 	
        13.280	  8.160e-002 	  6.020e-003 	
        13.344	  8.160e-002 	  6.020e-003 	
        13.408	  8.160e-002 	  6.020e-003 	
        13.472	  8.160e-002 	  6.020e-003 	
        13.536	  8.160e-002 	  6.020e-003 	
        13.600	  8.160e-002 	  6.020e-003 	
        13.664	  8.160e-002 	  6.020e-003 	
        13.728	  8.170e-002 	             	
        13.760	             	  6.020e-003 	
        13.791	  8.170e-002 	             	
        13.823	             	  6.020e-003 	
        13.856	  8.170e-002 	             	
        13.888	             	  6.020e-003 	
        13.920	  8.170e-002 	             	
        13.952	             	  6.020e-003 	
        14.016	  8.170e-002 	  6.020e-003 	
        14.080	  8.170e-002 	  6.020e-003 	
        14.144	  8.170e-002 	  6.020e-003 	
        14.208	  8.170e-002 	  6.030e-003 	
        14.272	  8.170e-002 	  6.030e-003 	
        14.335	  8.170e-002 	  6.030e-003 	
        14.400	  8.170e-002 	  6.030e-003 	
        14.464	  8.170e-002 	  6.030e-003 	
        14.527	  8.170e-002 	             	
        14.559	             	  6.030e-003 	
        14.591	  8.170e-002 	             	
        14.624	             	  6.030e-003 	
        14.655	  8.170e-002 	             	
        14.687	             	  6.030e-003 	
        14.720	  8.170e-002 	             	
        14.751	             	  6.030e-003 	
        14.815	  8.170e-002 	  6.030e-003 	
        14.879	  8.170e-002 	  6.030e-003 	
        14.943	  8.170e-002 	  6.030e-003 	
        15.008	  8.170e-002 	  6.030e-003 	
        15.072	  8.170e-002 	  6.030e-003 	
        15.136	  8.170e-002 	  6.030e-003 	
        15.199	  8.170e-002 	  6.030e-003 	
        15.264	  8.170e-002 	  6.030e-003 	
        15.327	  8.170e-002 	             	
        15.360	             	  6.030e-003 	
        15.392	  8.170e-002 	             	
        15.424	             	  6.030e-003 	
        15.455	  8.170e-002 	             	
        15.488	             	  6.030e-003 	
        15.519	  8.170e-002 	             	
        15.551	             	  6.030e-003 	
        15.616	  8.170e-002 	  6.030e-003 	
        15.680	  8.170e-002 	  6.030e-003 	
        15.744	  8.170e-002 	  6.030e-003 	
        15.808	  8.170e-002 	  6.030e-003 	
        15.871	  8.160e-002 	  6.030e-003 	
        15.936	  8.160e-002 	  6.030e-003 	
        16.000	  8.160e-002 	  6.020e-003 	
        16.064	  8.160e-002 	  6.020e-003 	
        16.128	  8.160e-002 	             	
        16.160	             	  6.020e-003 	
        16.192	  8.160e-002 	             	
        16.224	             	  6.020e-003 	
        16.256	  8.160e-002 	             	
        16.288	             	  6.020e-003 	
        16.320	  8.160e-002 	             	
        16.351	             	  6.020e-003 	
        16.415	  8.160e-002 	  6.020e-003 	
        16.480	  8.160e-002 	  6.020e-003 	
        16.544	  8.160e-002 	  6.020e-003 	
        16.607	  8.150e-002 	  6.020e-003 	
        16.672	  8.150e-002 	  6.020e-003 	
        16.736	  8.150e-002 	  6.020e-003 	
        16.800	  8.150e-002 	  6.020e-003 	
        16.863	  8.150e-002 	  6.020e-003 	
        16.927	  8.160e-002 	             	
        16.960	             	  6.020e-003 	
        16.992	  8.160e-002 	             	
        17.024	             	  6.020e-003 	
        17.056	  8.160e-002 	             	
        17.088	             	  6.020e-003 	
        17.120	  8.160e-002 	             	
        17.152	             	  6.020e-003 	
        17.216	  8.160e-002 	  6.020e-003 	
        17.280	  8.170e-002 	  6.020e-003 	
        17.344	  8.170e-002 	  6.020e-003 	
        17.407	  8.170e-002 	  6.020e-003 	
        17.472	  8.170e-002 	  6.030e-003 	
        17.536	  8.170e-002 	  6.030e-003 	
        17.600	  8.170e-002 	  6.030e-003 	
        17.664	  8.170e-002 	  6.020e-003 	
        17.728	  8.170e-002 	             	
        17.760	             	  6.020e-003 	
        17.792	  8.170e-002 	             	
        17.823	             	  6.020e-003 	
        17.856	  8.160e-002 	             	
        17.888	             	  6.020e-003 	
        17.919	  8.160e-002 	             	
        17.951	             	  6.020e-003 	
        18.016	  8.160e-002 	  6.010e-003 	
        18.079	  8.160e-002 	  6.010e-003 	
        18.143	  8.160e-002 	  6.010e-003 	
        18.208	  8.160e-002 	  6.010e-003 	
        18.272	  8.160e-002 	  6.010e-003 	
        18.336	  8.160e-002 	  6.010e-003 	
        18.400	  8.160e-002 	  6.010e-003 	
        18.464	  8.160e-002 	  6.010e-003 	
        18.528	  8.160e-002 	             	
        18.560	             	  6.010e-003 	
        18.592	  8.170e-002 	             	
        18.624	             	  6.010e-003 	
        18.655	  8.170e-002 	             	
        18.687	             	  6.010e-003 	
        18.719	  8.170e-002 	             	
        18.752	             	  6.010e-003 	
        18.816	  8.170e-002 	  6.010e-003 	
        18.879	  8.170e-002 	  6.010e-003 	
        18.944	  8.170e-002 	  6.010e-003 	
        19.008	  8.170e-002 	  6.010e-003 	
        19.071	  8.170e-002 	  6.010e-003 	
        19.135	  8.170e-002 	  6.010e-003 	
        19.200	  8.170e-002 	  6.010e-003 	
        19.263	  8.170e-002 	  6.010e-003 	
        19.328	  8.170e-002 	             	
        19.359	             	  6.010e-003 	
        19.392	  8.170e-002 	             	
        19.424	             	  6.000e-003 	
        19.456	  8.170e-002 	             	
        19.487	             	  6.000e-003 	
        19.520	  8.170e-002 	             	
        19.552	             	  6.000e-003 	
        19.583	  8.170e-002 	             	
        19.616	             	  6.000e-003 	
        19.680	  8.170e-002 	  6.000e-003 	
        19.744	  8.170e-002 	  6.000e-003 	
        19.808	  8.170e-002 	  5.990e-003 	
        19.872	  8.170e-002 	  5.990e-003 	
        19.936	  8.170e-002 	  5.990e-003 	
        20.000	  8.170e-002 	  5.990e-003 	
        20.064	  8.170e-002 	  5.980e-003 	
        20.127	  8.170e-002 	             	
        20.160	             	  5.980e-003 	
        20.192	  8.170e-002 	             	
        20.224	             	  5.980e-003 	
        20.255	  8.170e-002 	             	
        20.287	             	  5.970e-003 	
        20.319	  8.170e-002 	             	
        20.351	             	  5.970e-003 	
        20.383	  8.170e-002 	             	
        20.416	             	  5.970e-003 	
        20.480	  8.160e-002 	  5.970e-003 	
        20.544	  8.160e-002 	  5.960e-003 	
        20.608	  8.160e-002 	  5.960e-003 	
        20.672	  8.160e-002 	  5.960e-003 	
        20.735	  8.160e-002 	  5.950e-003 	
        20.800	  8.160e-002 	  5.950e-003 	
        20.864	  8.160e-002 	  5.940e-003 	
        20.928	  8.160e-002 	             	
        20.960	             	  5.940e-003 	
        20.992	  8.160e-002 	             	
        21.023	             	  5.940e-003 	
        21.056	  8.160e-002 	             	
        21.087	             	  5.930e-003 	
        21.120	  8.160e-002 	             	
        21.151	             	  5.930e-003 	
        21.183	  8.160e-002 	             	
        21.216	             	  5.930e-003 	
        21.280	  8.160e-002 	  5.920e-003 	
        21.343	  8.160e-002 	  5.920e-003 	
        21.407	  8.160e-002 	  5.910e-003 	
        21.471	  8.160e-002 	  5.910e-003 	
        21.535	  8.160e-002 	  5.910e-003 	
        21.600	  8.160e-002 	  5.900e-003 	
        21.664	  8.160e-002 	  5.900e-003 	
        21.728	  8.160e-002 	             	
        21.760	             	  5.890e-003 	
        21.792	  8.160e-002 	             	
        21.824	             	  5.890e-003 	
        21.856	  8.170e-002 	             	
        21.888	             	  5.880e-003 	
        21.920	  8.170e-002 	             	
        21.951	             	  5.880e-003 	
        21.984	  8.170e-002 	             	
        22.016	             	  5.870e-003 	
        22.079	  8.170e-002 	  5.870e-003 	
        22.144	  8.170e-002 	  5.860e-003 	
        22.207	  8.170e-002 	  5.860e-003 	
        22.272	  8.170e-002 	  5.850e-003 	
        22.336	  8.160e-002 	  5.840e-003 	
        22.400	  8.160e-002 	  5.840e-003 	
        22.464	  8.160e-002 	  5.830e-003 	
        22.528	  8.160e-002 	             	
        22.560	             	  5.820e-003 	
        22.592	  8.160e-002 	             	
        22.624	             	  5.820e-003 	
        22.656	  8.160e-002 	             	
        22.687	             	  5.810e-003 	
        22.720	  8.160e-002 	             	
        22.752	             	  5.800e-003 	
        22.784	  8.160e-002 	             	
        22.816	             	  5.800e-003 	
        22.880	  8.150e-002 	  5.790e-003 	
        22.943	  8.150e-002 	  5.790e-003 	
        23.008	  8.150e-002 	  5.780e-003 	
        23.071	  8.150e-002 	  5.770e-003 	
        23.136	  8.150e-002 	  5.770e-003 	
        23.200	  8.150e-002 	  5.770e-003 	
        23.264	  8.150e-002 	  5.760e-003 	
        23.328	  8.150e-002 	  5.760e-003 	
        23.392	  8.150e-002 	             	
        23.423	             	  5.760e-003 	
        23.456	  8.150e-002 	             	
        23.487	             	  5.760e-003 	
        23.519	  8.150e-002 	             	
        23.552	             	  5.770e-003 	
        23.584	  8.150e-002 	             	
        23.616	             	  5.770e-003 	
        23.679	  8.150e-002 	  5.780e-003 	
        23.744	  8.150e-002 	  5.780e-003 	
        23.807	  8.150e-002 	  5.790e-003 	
        23.872	  8.150e-002 	  5.790e-003 	
        23.936	  8.150e-002 	  5.800e-003 	
        23.999	  8.150e-002 	  5.810e-003 	
        24.064	  8.150e-002 	  5.820e-003 	
        24.127	  8.150e-002 	  5.820e-003 	
        24.192	  8.150e-002 	             	
        24.224	             	  5.830e-003 	
        24.256	  8.150e-002 	             	
        24.288	             	  5.840e-003 	
        24.320	  8.150e-002 	             	
        24.351	             	  5.850e-003 	
        24.383	  8.150e-002 	             	
        24.416	             	  5.850e-003 	
        24.480	  8.150e-002 	  5.860e-003 	
        24.544	  8.150e-002 	  5.870e-003 	
        24.607	  8.150e-002 	  5.870e-003 	
        24.672	  8.150e-002 	  5.880e-003 	
        24.735	  8.150e-002 	  5.880e-003 	
        24.799	  8.150e-002 	  5.890e-003 	
        24.863	  8.150e-002 	  5.900e-003 	
        24.928	  8.150e-002 	  5.900e-003 	
        24.992	  8.150e-002 	             	
        25.024	             	  5.910e-003 	
        25.055	  8.150e-002 	             	
        25.088	             	  5.910e-003 	
        25.120	  8.150e-002 	             	
        25.151	             	  5.920e-003 	
        25.183	  8.160e-002 	             	
        25.216	             	  5.920e-003 	
        25.279	  8.160e-002 	             	
        25.280	             	  5.930e-003 	
        25.343	  8.160e-002 	  5.930e-003 	
        25.408	  8.160e-002 	  5.940e-003 	
        25.472	  8.160e-002 	  5.940e-003 	
        25.536	  8.160e-002 	  5.950e-003 	
        25.600	  8.160e-002 	  5.950e-003 	
        25.664	  8.160e-002 	  5.950e-003 	
        25.728	  8.160e-002 	  5.950e-003 	
        25.791	  8.160e-002 	             	
        25.823	             	  5.960e-003 	
        25.856	  8.160e-002 	             	
        25.888	             	  5.960e-003 	
        25.920	  8.160e-002 	             	
        25.952	             	  5.960e-003 	
        25.984	  8.160e-002 	             	
        26.015	             	  5.960e-003 	
        26.080	  8.160e-002 	  5.970e-003 	
        26.143	  8.160e-002 	  5.970e-003 	
        26.208	  8.160e-002 	  5.970e-003 	
        26.272	  8.160e-002 	  5.970e-003 	
        26.336	  8.160e-002 	  5.980e-003 	
        26.400	  8.160e-002 	  5.980e-003 	
        26.463	  8.160e-002 	  5.980e-003 	
        26.528	  8.160e-002 	  5.990e-003 	
        26.592	  8.160e-002 	             	
        26.624	             	  5.990e-003 	
        26.656	  8.160e-002 	             	
        26.688	             	  5.990e-003 	
        26.720	  8.160e-002 	             	
        26.752	             	  6.000e-003 	
        26.784	  8.170e-002 	             	
        26.816	             	  6.000e-003 	
        26.880	  8.170e-002 	  6.000e-003 	
        26.944	  8.170e-002 	  6.010e-003 	
        27.007	  8.170e-002 	  6.010e-003 	
        27.072	  8.170e-002 	  6.020e-003 	
        27.136	  8.170e-002 	  6.020e-003 	
        27.200	  8.170e-002 	  6.030e-003 	
        27.264	  8.180e-002 	  6.030e-003 	
        27.327	  8.180e-002 	  6.030e-003 	
        27.391	  8.180e-002 	             	
        27.424	             	  6.040e-003 	
        27.456	  8.180e-002 	             	
        27.487	             	  6.040e-003 	
        27.520	  8.180e-002 	             	
        27.552	             	  6.040e-003 	
        27.583	  8.180e-002 	             	
        27.616	             	  6.040e-003 	
        27.680	  8.180e-002 	  6.040e-003 	
        27.744	  8.180e-002 	  6.040e-003 	
        27.808	  8.170e-002 	  6.040e-003 	
        27.871	  8.170e-002 	  6.050e-003 	
        27.936	  8.170e-002 	  6.050e-003 	
        27.999	  8.170e-002 	  6.050e-003 	
        28.064	  8.170e-002 	  6.050e-003 	
        28.127	  8.170e-002 	  6.050e-003 	
        28.192	  8.170e-002 	             	
        28.224	             	  6.040e-003 	
        28.255	  8.170e-002 	             	
        28.287	             	  6.040e-003 	
        28.320	  8.170e-002 	             	
        28.352	             	  6.040e-003 	
        28.383	  8.170e-002 	             	
        28.416	             	  6.050e-003 	
        28.479	  8.170e-002 	  6.050e-003 	
        28.544	  8.170e-002 	  6.050e-003 	
        28.608	  8.170e-002 	  6.050e-003 	
        28.672	  8.180e-002 	  6.050e-003 	
        28.736	  8.180e-002 	  6.050e-003 	
        28.800	  8.180e-002 	  6.050e-003 	
        28.864	  8.180e-002 	  6.050e-003 	
        28.928	  8.180e-002 	  6.050e-003 	
        28.991	  8.180e-002 	             	
        29.024	             	  6.050e-003 	
        29.055	  8.180e-002 	             	
        29.087	             	  6.050e-003 	
        29.120	  8.180e-002 	             	
        29.152	             	  6.050e-003 	
        29.184	  8.180e-002 	             	
        29.215	             	  6.050e-003 	
        29.280	  8.180e-002 	  6.050e-003 	
        29.344	  8.180e-002 	  6.050e-003 	
        29.407	  8.180e-002 	  6.050e-003 	
        29.472	  8.170e-002 	  6.050e-003 	
        29.535	  8.170e-002 	  6.050e-003 	
        29.600	  8.170e-002 	  6.050e-003 	
        29.663	  8.180e-002 	  6.050e-003 	
        29.728	  8.180e-002 	  6.050e-003 	
        29.792	  8.180e-002 	             	
        29.824	             	  6.050e-003 	
        29.855	  8.180e-002 	             	
        29.887	             	  6.050e-003 	
        29.920	  8.180e-002 	             	
        29.951	             	  6.050e-003 	
        29.984	  8.170e-002 	             	
        30.016	             	  6.050e-003 	
        30.080	  8.170e-002 	  6.050e-003 	
        30.143	  8.170e-002 	  6.040e-003 	
        30.207	  8.170e-002 	  6.040e-003 	
        30.271	  8.170e-002 	  6.040e-003 	
        30.335	  8.170e-002 	  6.040e-003 	
        30.399	  8.170e-002 	  6.040e-003 	
        30.464	  8.170e-002 	  6.040e-003 	
        30.527	  8.170e-002 	  6.040e-003 	
        30.592	  8.170e-002 	             	
        30.624	             	  6.040e-003 	
        30.656	  8.170e-002 	             	
        30.688	             	  6.040e-003 	
        30.720	  8.170e-002 	             	
        30.751	             	  6.040e-003 	
        30.784	  8.170e-002 	             	
        30.816	             	  6.040e-003 	
        30.880	  8.160e-002 	  6.040e-003 	
        30.944	  8.160e-002 	  6.040e-003 	
        31.008	  8.160e-002 	  6.040e-003 	
        31.072	  8.160e-002 	  6.040e-003 	
        31.136	  8.160e-002 	  6.040e-003 	
        31.200	  8.160e-002 	  6.040e-003 	
        31.264	  8.160e-002 	  6.040e-003 	
        31.328	  8.170e-002 	  6.040e-003 	
        31.392	  8.170e-002 	             	
        31.424	             	  6.040e-003 	
        31.455	  8.170e-002 	             	
        31.487	             	  6.040e-003 	
        31.520	  8.170e-002 	             	
        31.552	             	  6.040e-003 	
        31.583	  8.170e-002 	             	
        31.616	             	  6.040e-003 	
        31.680	  8.170e-002 	  6.040e-003 	
        31.744	  8.170e-002 	  6.040e-003 	
        31.807	  8.170e-002 	  6.040e-003 	
        31.872	  8.170e-002 	  6.040e-003 	
        31.936	  8.170e-002 	  6.040e-003 	
        32.000	  8.170e-002 	  6.040e-003 	
        32.064	  8.170e-002 	  6.030e-003 	
        32.128	  8.170e-002 	  6.030e-003 	
        32.192	  8.170e-002 	             	
        32.224	             	  6.030e-003 	
        32.255	  8.170e-002 	             	
        32.288	             	  6.030e-003 	
        32.320	  8.170e-002 	             	
        32.351	             	  6.030e-003 	
        32.384	  8.170e-002 	             	
        32.416	             	  6.030e-003 	
        32.448	  8.170e-002 	             	
        32.479	             	  6.030e-003 	
        32.544	  8.170e-002 	  6.030e-003 	
        32.608	  8.170e-002 	  6.030e-003 	
        32.672	  8.170e-002 	  6.030e-003 	
        32.736	  8.170e-002 	  6.030e-003 	
        32.800	  8.170e-002 	  6.030e-003 	
        32.864	  8.170e-002 	  6.030e-003 	
        32.928	  8.170e-002 	  6.030e-003 	
        32.992	  8.160e-002 	             	
        33.023	             	  6.030e-003 	
        33.055	  8.160e-002 	             	
        33.087	             	  6.030e-003 	
        33.119	  8.160e-002 	             	
        33.152	             	  6.030e-003 	
        33.183	  8.160e-002 	             	
        33.216	             	  6.030e-003 	
        33.280	  8.160e-002 	  6.030e-003 	
        33.343	  8.160e-002 	  6.020e-003 	
        33.408	  8.160e-002 	  6.020e-003 	
        33.471	  8.160e-002 	  6.020e-003 	
        33.535	  8.160e-002 	  6.020e-003 	
        33.600	  8.160e-002 	  6.020e-003 	
        33.664	  8.160e-002 	  6.020e-003 	
        33.727	  8.160e-002 	  6.020e-003 	
        33.791	  8.160e-002 	             	
        33.824	             	  6.020e-003 	
        33.856	  8.160e-002 	             	
        33.887	             	  6.020e-003 	
        33.919	  8.160e-002 	             	
        33.952	             	  6.020e-003 	
        33.984	  8.160e-002 	             	
        34.016	             	  6.020e-003 	
        34.047	  8.160e-002 	             	
        34.080	             	  6.020e-003 	
        34.144	  8.170e-002 	  6.020e-003 	
        34.208	  8.170e-002 	  6.020e-003 	
        34.272	  8.170e-002 	  6.020e-003 	
        34.336	  8.170e-002 	  6.020e-003 	
        34.400	  8.170e-002 	  6.020e-003 	
        34.463	  8.170e-002 	  6.020e-003 	
        34.528	  8.170e-002 	  6.020e-003 	
        34.592	  8.170e-002 	             	
        34.624	             	  6.020e-003 	
        34.656	  8.170e-002 	             	
        34.687	             	  6.020e-003 	
        34.719	  8.170e-002 	             	
        34.752	             	  6.020e-003 	
        34.784	  8.170e-002 	             	
        34.815	             	  6.030e-003 	
        34.848	  8.170e-002 	             	
        34.879	             	  6.030e-003 	
        34.943	  8.170e-002 	  6.020e-003 	
        35.007	  8.160e-002 	  6.020e-003 	
        35.072	  8.160e-002 	  6.020e-003 	
        35.135	  8.170e-002 	  6.020e-003 	
        35.200	  8.170e-002 	  6.020e-003 	
        35.263	  8.170e-002 	  6.030e-003 	
        35.328	  8.170e-002 	  6.030e-003 	
        35.391	  8.170e-002 	  6.030e-003 	
        35.456	  8.170e-002 	             	
        35.488	             	  6.030e-003 	
        35.519	  8.170e-002 	             	
        35.552	             	  6.030e-003 	
        35.583	  8.170e-002 	             	
        35.615	             	  6.030e-003 	
        35.647	  8.170e-002 	             	
        35.679	             	  6.030e-003 	
        35.744	  8.170e-002 	  6.030e-003 	
        35.808	  8.180e-002 	  6.030e-003 	
        35.872	  8.170e-002 	  6.030e-003 	
        35.936	  8.170e-002 	  6.030e-003 	
        36.000	  8.170e-002 	  6.030e-003 	
        36.064	  8.170e-002 	  6.030e-003 	
        36.127	  8.170e-002 	  6.030e-003 	
        36.192	  8.170e-002 	  6.030e-003 	
        36.256	  8.170e-002 	             	
        36.287	             	  6.030e-003 	
        36.320	  8.170e-002 	             	
        36.352	             	  6.030e-003 	
        36.384	  8.170e-002 	             	
        36.416	             	  6.030e-003 	
        36.447	  8.170e-002 	             	
        36.480	             	  6.030e-003 	
        36.544	  8.170e-002 	  6.030e-003 	
        36.608	  8.170e-002 	  6.030e-003 	
        36.672	  8.170e-002 	  6.030e-003 	
        36.736	  8.170e-002 	  6.030e-003 	
        36.800	  8.170e-002 	  6.030e-003 	
        36.864	  8.170e-002 	  6.030e-003 	
        36.927	  8.170e-002 	  6.030e-003 	
        36.992	  8.170e-002 	  6.030e-003 	
        37.056	  8.160e-002 	             	
        37.088	             	  6.030e-003 	
        37.119	  8.160e-002 	             	
        37.152	             	  6.020e-003 	
        37.184	  8.160e-002 	             	
        37.216	             	  6.020e-003 	
        37.248	  8.160e-002 	             	
        37.279	             	  6.020e-003 	
        37.344	  8.160e-002 	  6.020e-003 	
        37.408	  8.160e-002 	  6.020e-003 	
        37.471	  8.160e-002 	  6.020e-003 	
        37.536	  8.170e-002 	  6.030e-003 	
        37.600	  8.170e-002 	  6.030e-003 	
        37.664	  8.170e-002 	  6.030e-003 	
        37.727	  8.170e-002 	  6.030e-003 	
        37.791	  8.170e-002 	  6.030e-003 	
        37.856	  8.170e-002 	             	
        37.888	             	  6.030e-003 	
        37.920	  8.170e-002 	             	
        37.952	             	  6.030e-003 	
        37.984	  8.170e-002 	             	
        38.015	             	  6.030e-003 	
        38.047	  8.170e-002 	             	
        38.079	             	  6.030e-003 	
        38.144	  8.170e-002 	  6.030e-003 	
        38.208	  8.170e-002 	  6.030e-003 	
        38.272	  8.170e-002 	  6.030e-003 	
        38.336	  8.170e-002 	  6.020e-003 	
        38.400	  8.160e-002 	  6.020e-003 	
        38.464	  8.160e-002 	  6.020e-003 	
        38.527	  8.160e-002 	  6.020e-003 	
        38.592	  8.160e-002 	  6.020e-003 	
        38.656	  8.160e-002 	             	
        38.688	             	  6.010e-003 	
        38.720	  8.160e-002 	             	
        38.751	             	  6.010e-003 	
        38.784	  8.160e-002 	             	
        38.816	             	  6.010e-003 	
        38.848	  8.160e-002 	             	
        38.880	             	  6.010e-003 	
        38.944	  8.160e-002 	  6.010e-003 	
        39.008	  8.160e-002 	  6.010e-003 	
        39.072	  8.160e-002 	  6.010e-003 	
        39.136	  8.160e-002 	  6.010e-003 	
        39.199	  8.160e-002 	  6.010e-003 	
        39.263	  8.160e-002 	  6.010e-003 	
        39.327	  8.160e-002 	  6.010e-003 	
        39.392	  8.160e-002 	  6.010e-003 	
        39.456	  8.160e-002 	             	
        39.488	             	  6.020e-003 	
        39.519	  8.160e-002 	             	
        39.551	             	  6.020e-003 	
        39.584	  8.160e-002 	             	
        39.616	             	  6.020e-003 	
        39.647	  8.160e-002 	             	
        39.679	             	  6.020e-003 	
        39.744	  8.160e-002 	  6.020e-003 	
        39.808	  8.160e-002 	  6.020e-003 	
        39.872	  8.160e-002 	  6.020e-003 	
        39.936	  8.160e-002 	  6.020e-003 	
        40.000	  8.160e-002 	  6.020e-003 	
        40.064	  8.170e-002 	  6.020e-003 	
        40.128	  8.170e-002 	  6.020e-003 	
        40.192	  8.170e-002 	  6.020e-003 	
        40.256	  8.170e-002 	             	
        40.288	             	  6.030e-003 	
        40.319	  8.170e-002 	             	
        40.351	             	  6.030e-003 	
        40.384	  8.170e-002 	             	
        40.415	             	  6.030e-003 	
        40.447	  8.170e-002 	             	
        40.479	             	  6.030e-003 	
        40.543	  8.170e-002 	  6.030e-003 	
        40.608	  8.170e-002 	  6.030e-003 	
        40.671	  8.170e-002 	  6.030e-003 	
        40.735	  8.170e-002 	  6.030e-003 	
        40.800	  8.170e-002 	  6.030e-003 	
        40.863	  8.160e-002 	  6.030e-003 	
        40.928	  8.160e-002 	  6.030e-003 	
        40.991	  8.160e-002 	  6.020e-003 	
        41.055	  8.160e-002 	             	
        41.088	             	  6.020e-003 	
        41.120	  8.160e-002 	             	
        41.151	             	  6.020e-003 	
        41.184	  8.160e-002 	             	
        41.216	             	  6.020e-003 	
        41.247	  8.150e-002 	             	
        41.279	             	  6.020e-003 	
        41.344	  8.150e-002 	  6.020e-003 	
        41.407	  8.150e-002 	  6.020e-003 	
        41.472	  8.150e-002 	  6.020e-003 	
        41.536	  8.150e-002 	  6.020e-003 	
        41.600	  8.150e-002 	  6.020e-003 	
        41.663	  8.150e-002 	  6.020e-003 	
        41.727	  8.150e-002 	  6.020e-003 	
        41.791	  8.150e-002 	  6.020e-003 	
        41.856	  8.150e-002 	             	
        41.888	             	  6.020e-003 	
        41.919	  8.150e-002 	             	
        41.951	             	  6.020e-003 	
        41.984	  8.150e-002 	             	
        42.016	             	  6.020e-003 	
        42.048	  8.150e-002 	             	
        42.080	             	  6.020e-003 	
        42.143	  8.150e-002 	  6.020e-003 	
        42.208	  8.150e-002 	  6.020e-003 	
        42.272	  8.150e-002 	  6.020e-003 	
        42.336	  8.160e-002 	  6.020e-003 	
